      Entropia  Aleatória  Top Two Margin
957   0.688323   0.688323        0.688323
982   0.733801   0.696323        0.781119
1007  0.731472   0.711654        0.803532
1032  0.783442   0.743543        0.789066
1057  0.771847   0.728787        0.804273
1082  0.810082   0.717750        0.826845
1107  0.811671   0.744724        0.862816
1132  0.844594   0.734761        0.836865
1157  0.834113   0.749118        0.860305
1182  0.859249   0.758104        0.858445
1207  0.851165   0.745875        0.843891
1232  0.869223   0.774298        0.876932
1257  0.853118   0.773296        0.857176
1282  0.869125   0.772529        0.867348
1307  0.875874   0.777142        0.883658
1332  0.867940   0.814741        0.868360
1357  0.866368   0.832353        0.881225
1382  0.885291   0.821276        0.877107
1407  0.868035   0.801082        0.879830
1432  0.879544   0.822466        0.874842
1457  0.882718   0.834857        0.880473
